-0.017922146
-0.0066219172
-0.058087528
-0.032922197
-0.039841585
-0.07301569
-0.02373627
-0.08347832
-0.06466904
-0.072093636
0.047162436
-0.039710414
-0.08815331
-0.04855084
-0.057712056
-0.03511917
-0.088948436
-0.057076816
-0.08122465
-0.046567556
-0.08754941
0.021364773
-0.013677357
0.011482883
-0.05172397
-0.00467993
-0.08761113
-0.044117652
-0.04261969
-0.036858287
-0.07111579
0.015419367
-0.08550706
-0.047299523
0.004230217
-0.04150146
-0.04091697
-0.05765088
-0.05891018
-0.07825712
0.044387575
0.021348676
-0.03258577
-0.01346757
-0.04975417
-0.00058751984
-0.061430037
-0.08947691
-0.00018311015
-0.049139313
