0.013995538
-0.058505077
0.013787719
-0.16851623
0.20180127
-0.12400811
0.02417609
-0.20777667
0.014780103
-0.049533635
-0.18548194
-0.024245108
-0.020627484
0.028580597
0.26605627
-0.20256528
0.04403324
-0.10595924
-0.13393803
0.2940892
0.21902482
0.19865894
-0.21431178
-0.062946536
0.2157353
0.14020589
-0.17928457
-0.31740373
0.06479534
0.19902186
-0.16945015
-0.12161923
-0.39326918
-0.36146617
-0.27370006
0.031645127
-0.29140204
-0.3226078
-0.06465161
0.1949629
-0.13575965
-0.13522066
0.07567541
-0.14089511
0.24240686
-0.12637945
0.34982327
-0.003848016
-0.03838183
-0.060964543
0.042960003
-0.16325812
0.07592181
-0.1584023
-0.1543081
-0.2776788
-0.28969887
-0.32353657
0.28035295
0.35579133
0.0469961
0.045410056
0.011322328
0.37520775
0.38694158
-0.18450388
0.10458831
0.14777084
0.4144209
-0.26623607
0.101006076
0.17250502
0.0954998
-0.061137345
-0.27807277
0.02090007
-0.17969047
0.23218188
0.2704702
0.044893857
0.03407259
-0.050608266
0.3578528
0.10618231
-0.31334022
-0.0940824
0.48346153
0.49838805
-0.18708323
-0.21097016
0.18020861
0.58053243
0.27341276
0.10708645
-0.34073022
0.22472379
0.4050622
-0.121265136
0.11983887
0.01857291
0.29290113
0.3051842
0.27687022
0.47391486
0.30681276
0.4974602
0.3688449
0.10548189
0.3387326
0.1247088
0.36939535
0.20939152
-0.0046512634
-0.008239944
0.10685106
0.077048436
-0.13666698
-0.43300024
-0.51518697
-0.40076134
0.17005096
-0.097095154
-0.36144787
-0.10475039
-0.33259127
-0.16982685
-0.2634661
0.054696202
-0.10946499
0.004733393
0.18484755
0.32437816
0.0006795546
0.054643277
-0.0031516578
-0.020053023
0.31801233
0.25812146
0.26920515
0.22732154
0.24511841
0.17124687
0.020144518
0.19385858
0.082057446
-0.30799335
-0.41224557
-0.21535495
0.11054058
-0.002068966
0.22402106
0.29947948
0.20929715
0.11493341
-0.07713914
0.23052855
0.24908383
0.57923824
0.44212794
0.0587672
-0.11196679
0.11324732
0.13179621
0.2583908
0.3383825
-0.30025116
-0.18982129
-0.3913485
-0.21231265
0.26215032
-0.23483826
-0.49719715
-0.30771944
6.2233856e-05
0.079415716
0.09716794
0.26084998
-0.010219907
0.045181785
-0.08762703
-0.18255222
-0.23953207
-0.07318028
0.3611048
-0.048078556
-0.11837992
-0.037054595
0.12155112
0.20238383
0.30556327
0.09078871
-0.20462967
0.013655818
0.18604839
0.26264426
-0.2802095
-0.21104081
-0.18784022
-0.122896
0.11437986
-0.12885685
-0.14986427
-0.11121476
0.13397022
0.0783853
-0.024972294
0.17338905
-0.12462288
0.07048947
0.14963403
0.24096102
-0.0951833
-0.09862573
0.26826316
-0.0978024
0.20825978
-0.21213125
0.157459
0.37727875
0.1810558
0.26165956
0.16328965
-0.17520697
0.03954817
0.115387835
-0.16014065
-0.25425524
0.013465155
-0.040055044
0.18386422
-0.15274034
-0.17297363
-0.30661055
-0.34709358
-0.27603087
-0.24132764
-0.28274894
-0.28495657
-0.17960565
-0.27832267
-0.24645984
-0.20983957
-0.4187497
-0.48446175
-0.3422209
0.23267233
-0.1404246
-0.11307566
-0.037183102
-0.1841718
0.053408615
0.32533082
-0.17610376
-0.06593266
-0.2888661
-0.2527825
0.15559141
0.11055355
0.024444994
-0.24390733
-0.12030542
-0.013588192
-0.022233475
0.2302628
0.2557391
0.17727537
0.31324133
0.30025238
-0.0721108
0.2220881
0.21573237
-0.18804714
-0.07349496
0.14281522
-0.0051295254
-0.029983899
0.18670137
0.07674089
-0.19545554
-0.10762059
0.12706962
0.37882164
-0.23402278
-0.35979247
-0.24441391
0.49744144
0.12455128
-0.28023836
-0.26005244
-0.19645393
0.307793
0.32723832
-0.3322422
-0.39670867
-0.010743385
0.33904517
0.3055177
0.060676537
-0.1726393
0.029393129
0.17338225
0.015817877
0.078288965
0.051862188
0.24056944
0.023033276
0.051962964
-0.16013986
0.004902239
-0.11126343
-0.14350261
0.17680003
-0.27931133
-0.2580615
0.04809236
-0.09389188
-0.27310264
0.065458715
-0.16483797
0.31759107
0.00047072986
-0.01724428
-0.09602153
0.16605903
0.30725032
-0.17197424
-0.21880572
-0.29766187
0.03341697
0.060034197
-0.020041615
-0.1347405
0.33792743
0.4208065
0.316172
0.3533854
0.4306117
0.23467699
0.0947745
0.20001532
-0.18280387
0.25789842
-0.0074064485
0.17292567
0.042348877
-0.1405086
-0.3181396
0.09182361
-0.029811982
0.025325745
-0.15745714
-0.17872682
-0.4098428
-0.38139904
-0.28058732
-0.041302152
-0.029968409
-0.5686139
-0.30665866
-0.45131168
0.357248
0.4478458
0.040502943
0.057700604
0.011194026
0.34179774
0.51636636
0.6132276
0.27748615
-0.14307119
-0.14117354
0.09343036
0.15178002
0.4652555
0.3326489
0.294769
-0.15016568
-0.023323387
-0.18125796
-0.26004574
-0.074930504
-0.048721313
-0.06354676
-0.105695724
0.03454199
-0.08973101
0.057654824
-0.26113048
-0.20242563
-0.27289897
-0.033931226
0.0062379697
-0.30472574
-0.045334943
-0.04912676
-0.025838038
-0.011213299
-0.09884082
-0.11856966
-0.19604753
-0.015154038
-0.07247538
-0.09960111
-0.11399101
-0.045286153
0.014921817
-0.013439493
-0.382616
-0.2153708
-0.33805582
0.12252434
-0.1536103
-0.08826773
-0.41849095
0.0642121
0.31301066
0.41502106
-0.12263893
-0.18482181
-0.18415292
0.21057111
0.35980037
0.4456998
0.35936052
0.17480136
0.033613447
-0.07156719
-0.25316083
0.116015404
-0.15820971
0.27578363
-0.124224536
-0.010231425
0.23451073
0.22982226
-0.0779243
-0.050066866
-0.27021804
-0.32251674
-0.31445053
-0.11333519
0.17325729
-0.19138089
-0.33152473
-0.2791137
-0.09022494
0.18331856
0.15143491
-0.005799941
-0.17854574
0.042967618
0.0020700642
-0.19353977
0.19740874
0.013535164
0.028671212
0.020807642
-0.08129671
-0.160617
0.014240428
0.3984848
-0.072192
0.04568419
-0.3067617
0.053493537
0.3516498
0.29868966
-0.16672567
-0.29168513
0.0039875396
0.22081238
0.30657142
0.0082881255
-0.154258
-0.059588432
0.058577448
-0.06358844
-0.2915949
-0.318648
-0.09585781
0.15889902
-0.33765656
-0.24879801
0.14864562
0.21319497
-0.30940732
-0.33943272
-0.14925994
0.13235351
-0.00180024
-0.21484782
-0.0010830271
0.16221532
0.3567782
0.16348189
-0.1957432
-0.18820404
0.063154675
0.42686233
0.35218108
