0.0018367931
0.0065565202
0.010013431
0.0018581861
0.0014643427
0.0030489843
-0.00078092434
-0.005531975
0.004725196
-0.00011759487
-0.0007053091
-0.000853244
0.0017668337
-0.0003112117
0.008111163
0.0068772174
0.001947418
-0.00034953884
0.007454742
-0.00018588592
0.0006481765
-0.00080221234
-0.0009597638
-0.00048483917
-0.00093169214
0.0018590022
-0.0029606086
-0.0003360092
0.0065413364
-0.0008288467
0.006253332
0.003926282
0.0046701534
-0.003751776
-0.0031545614
-0.0010528925
-0.0011102099
-0.00040696244
-0.0032525198
-0.0037216847
0.0021829337
0.0016550117
-0.0011401356
0.0011487195
-0.00019292644
0.00029000005
0.010166366
-0.0019122285
-0.0025405253
0.0006985397
-0.0010171394
-0.0040744836
-0.0010395257
0.0026073225
0.0046018627
0.0012599123
-0.00014780676
-0.0010356436
0.008142003
0.0015652059
-0.00035519197
-0.00024241692
0.003046122
0.0021998768
0.002645915
-0.0009950637
0.0061370237
-0.00021845124
0.002299253
0.0015865592
-0.0025096354
-0.00066395086
0.0029233072
0.0054534012
0.0054165116
9.282967e-05
-0.00011203908
0.005990377
0.009271301
0.0017702756
0.006339621
0.00609782
0.0010328545
0.0021299259
0.0028897875
-0.0033606153
1.645662e-05
-0.000754558
-0.000778539
-0.0011739538
0.00032762604
0.0042335466
-0.002831832
0.0021739593
-0.0014700412
-0.0051865852
0.0021224266
-0.003836538
0.012351093
0.00023704443
-0.0012513144
0.004246653
0.0001644205
-0.0024318204
-0.00092817243
0.0050221137
-0.0015035579
0.005981495
0.0064409347
-0.00032845992
0.0011886072
0.0008720337
0.0068054097
-0.0037157156
-0.0025965623
-0.0010837521
0.014572976
0.00059927616
0.004794866
-0.0025469551
0.0063319155
0.0027941756
-6.5215994e-05
0.0009240515
0.0063779936
-0.0022271825
-0.00038561216
-0.0010035117
0.0025924328
-6.649264e-05
0.005681515
0.0034088662
0.0044931895
-0.00020119021
0.0021717544
0.0016645809
-0.0050002746
0.005907876
-0.0006226566
0.0015067119
0.012518751
0.002351221
-0.0020691163
0.0006767455
0.0012478284
0.0037748953
-0.00185149
0.008267739
-0.0042475923
-0.00032150245
-0.00055640575
-0.00058835105
0.0056427424
5.9343634e-05
0.016399393
0.0032907233
0.0066499272
0.0035301151
0.00576748
-0.00084573985
-0.0012756928
-0.0037817517
-0.0035841672
0.007236516
0.004981387
0.0031398116
0.0060159196
-0.0071023223
0.0024508762
0.0012842435
-0.00073679094
-0.0035592695
0.0068787355
-0.0014073182
0.0060827155
0.008706096
0.0012532495
0.010659275
0.008836203
-0.00069473597
0.006273906
-0.0005503907
0.00047153985
0.008991437
-0.001065207
0.005086025
-0.0019244102
-0.0018944375
-0.00092799275
-0.007207879
0.00215527
-0.0014352865
-0.0028841977
0.00089277874
-0.0035335973
0.0020365724
-0.0017114134
-0.0032764575
-6.656891e-05
0.0060682874
-0.0009075987
-0.00076361693
-0.000913836
0.0039437613
4.3613603e-05
-0.00077810226
-0.0015551684
-0.0025215591
0.0024111478
-0.00038459458
-0.0023488393
0.0006112991
0.0011412865
-0.00081235345
0.0015329627
-0.012094416
-0.0032482857
0.00012471968
-0.00014894307
0.0060578394
0.00018437856
0.00294078
-0.00440556
0.0023780263
0.009155516
-0.0019418123
0.006827615
0.0067095165
-0.0027959144
0.011667543
0.0028415287
-0.00032339877
0.008824724
-0.0019062108
-0.0005198184
-0.00011624406
-0.0028133008
-0.0040269145
0.0010202896
0.0018820692
-0.0010732723
-0.003631632
0.0035043564
0.0011155136
0.0057177115
0.005113389
-0.0002679657
0.0053940555
-0.00045196002
-0.0013420603
0.008711548
0.00023813876
-0.0016738137
0.0050446815
0.0019914121
-0.0005091861
-0.0009974708
0.000155541
0.002401154
0.005331635
-0.0012072851
0.0013787049
-0.003680124
2.9987605e-05
-0.007163374
0.0017554045
-0.0011856953
0.005953123
0.0044890074
0.0016607299
-0.0007846105
-0.0024153797
0.0011373446
-0.0005150134
-0.0002868542
0.0026868447
-0.0001138768
0.0015786868
-0.0035650693
0.012498677
-0.004620598
-0.0005901796
0.011798664
-0.013167483
0.006092387
0.0045972634
0.003379874
-0.000899321
0.0034104912
-0.00037277438
0.00027042598
-1.0622822e-05
0.0011643905
0.001046452
0.007418956
0.0051717474
-0.0010307388
-0.00033130613
-6.0560355e-06
0.0035779756
-0.00026529716
0.0010529681
-0.00086189434
0.0037626433
-0.00071302924
0.0009446931
0.00041444134
-0.00059252867
0.00073290564
-0.00020340583
0.0011118457
-0.00031525863
0.0010192686
0.0031794608
-0.00035174133
0.0071107624
0.0053065456
-0.00077656115
-0.00033783857
0.0016431039
-2.247472e-05
0.008542814
0.0010707639
0.00042603654
0.0041379146
-0.00026136948
0.0037869203
0.004830905
-0.0004130531
0.0022566188
-0.00310379
0.0019658685
0.007504231
0.002394378
0.0007927269
0.011533964
0.0043234034
0.010338117
0.003936266
-0.0004222102
0.0040504853
-0.0014982896
0.0045362688
-0.0014171633
-6.909209e-05
0.0047296137
0.010835792
-0.0003912793
0.005134744
0.0008138954
0.0030716646
-0.000894592
-0.00037441563
-0.0034898838
-0.00017670653
0.003452232
-0.0009887917
-0.0008010235
0.00059531844
0.00035456143
-0.00035646584
0.0011050047
0.00028380315
0.0047599724
0.0006172663
0.0020182135
0.0020846892
0.0027948832
0.0039855465
0.0023529322
0.0051751225
0.0043643834
0.0003775122
0.00879309
-0.001024887
0.018089972
-0.002528404
-0.00033102685
0.0014719962
0.00049763144
-0.0004255873
3.5212668e-06
-0.00027907628
0.0014502058
0.0025146266
0.007081731
0.012619964
0.009922921
0.007962496
-0.00023951384
0.00024192629
0.011649892
-0.004917287
-0.0010082944
0.0045815804
-0.00045707665
0.0020635875
0.0050075664
0.0046415688
-0.00034979958
0.0062176785
0.008477542
0.0044134334
-0.00026436723
0.00027424932
0.0064165127
0.005362225
-0.0041593267
-0.00017463946
-0.0011033383
0.001750113
0.0023817031
0.0005186244
0.00055252644
0.007794929
0.00088427094
0.006675344
-0.0011970054
0.00781318
0.0011846401
0.004681508
0.0054935548
-0.00020025439
-0.0002762437
-0.0011601407
0.008487669
0.0016553438
0.0023448477
0.0031436586
0.0011849883
0.006192219
-0.0011855507
0.004279271
-0.00051878823
0.0077141435
0.0012285011
-0.0043743257
-0.010652912
-0.0016117791
0.00836297
0.016894072
-0.0009465656
0.008063218
0.0048269182
-0.00024509095
0.00068518857
0.007993956
0.0044184006
-0.0007195849
-0.00059457915
-0.000862775
0.000746621
0.00042116904
0.016818931
-0.011905294
-0.00038121006
0.0099450005
5.263443e-05
-0.0005264088
0.003095841
0.0024323405
-0.0009230437
-0.0026471913
0.0043967576
0.009398376
-0.0001973424
0.003703089
-0.00040637722
-0.0040264386
0.00023069188
0.0018092
-0.0004323941
-0.0008849392
0.004759985
0.0017455985
-0.00044567877
0.0005785414
-0.0071665314
0.0012682675
0.009076702
-0.00040611316
0.00049205706
-0.00021421781
0.0071663884
-0.0051181144
0.0015440306
-0.002932838
-0.0009516477
-0.0019586948
-0.002895889
0.005688365
0.012249682
0.008626109
0.004840631
0.004125458
-0.0007116434
-0.0009831352
0.007341963
-0.0010393597
0.006517773
