-0.06133156
0.084626034
-0.08739402
0.048241507
0.029868938
0.07076664
-0.0030294335
-0.067600556
0.026747776
-0.007550194
-0.026308792
-0.024857689
0.026042167
-0.01365968
0.11061728
0.1488348
0.07307407
0.07961719
0.1500765
0.016674612
-0.00434662
0.010135536
-0.068904884
0.030325152
0.0005403732
-0.1252592
0.02593642
-0.09120983
-0.1468595
0.0046314383
-0.08113803
0.061126977
-0.08406368
-0.026374469
0.0017297821
0.0047288975
0.027073612
-0.00029774802
-0.061155744
-0.08227538
0.052715793
0.06569197
-0.046617117
-0.052377746
-0.010638933
-0.018491387
0.11987053
-0.01541517
0.053618863
0.009894468
-0.009954757
0.092109926
0.079466976
-0.02671567
-0.09309649
0.06608408
0.020688262
-0.0031595433
-0.12896721
-0.01083409
-0.0047776145
0.011068409
0.0075035547
0.033799607
-0.033527743
0.035262242
0.078745715
-0.00086321303
0.00540118
-0.01900146
0.07635315
-0.013506032
0.039316863
-0.06482164
-0.012617614
-0.017752316
-0.00575834
0.090165235
-0.042249307
0.0052308836
0.11962136
0.070235856
0.021013303
0.092969775
-0.005751291
0.052543957
-0.030064793
-0.06440242
-0.017871533
0.025555152
0.00558221
0.09983779
0.041669074
-0.030471003
-0.058121208
-0.01461251
0.11615632
0.009693779
-0.120996915
0.0019357185
-0.019681323
0.064714275
-0.0038541858
0.008740181
0.04209742
0.064432666
0.013066997
-0.09073616
0.025004394
0.14369369
-0.035957847
0.083332926
-0.014716878
-0.05846801
0.053578597
-0.013130481
0.082545295
-0.113365605
-0.018027581
0.016616534
-0.03182684
0.012438
-0.03267017
-0.083144605
-0.060597803
-0.0042885784
0.0025975034
0.14015956
0.09056445
0.023653045
0.117578946
0.105390705
0.008765284
0.032027267
-0.022321735
-0.0077533005
0.09464073
-0.053158294
-0.009844173
0.0061506145
0.00845801
0.08589677
-0.013553576
0.002870033
-0.0020652716
-0.053451143
0.07408245
-0.024768133
0.06416864
-0.02568028
-0.0143020805
-0.001263642
-0.028475491
-0.0007305449
-0.09556632
0.086617224
-0.018534964
0.10566365
0.013967208
-0.10960656
0.075841226
-0.05342391
-0.054628693
-0.013129705
-0.057142187
-0.025008503
0.00904603
-0.04713761
-0.044302344
0.021115515
-0.0032178485
0.085792415
-0.050721105
-0.09289865
-0.058751334
-0.08063207
-0.10967364
-0.057885326
-0.05743301
0.00709531
-0.09558981
0.042312015
0.059298195
-0.034359854
-0.029463563
0.03299451
0.029352644
-0.09470018
-0.012685645
-0.05288674
0.031224528
0.001038213
0.03572356
-0.048196584
0.00019352906
-0.07785951
0.033619896
0.017371569
-0.0069337366
0.0974156
0.0016852567
-0.01907977
0.021825489
0.07386473
-0.024060734
-0.04964976
0.007979904
0.045902137
0.06823174
0.0100215655
-0.02218209
-0.0031745057
0.024857497
-0.053743556
0.020682976
-0.10467671
0.14733484
9.142688e-06
0.002241699
0.011127707
-0.016267013
-0.084618255
-0.032451987
0.13260597
-0.074406095
0.0066072857
-0.044942535
-0.002271246
0.0069541964
-0.108252
-0.014446692
-0.014045881
-0.1014534
-0.016162641
-0.023462033
-0.06290661
-0.054931074
0.078273565
0.05668194
-0.0052603725
-0.0042479183
-0.010706234
0.086956985
-0.010677084
-0.080287114
-0.004474592
0.012389396
0.0123980455
0.0028253924
-0.028540993
0.088463195
0.02301812
-0.0040841373
-0.03250551
0.007725926
0.0026328973
0.023543226
-0.014004552
-0.018532718
-0.0033438995
-0.022421254
0.028964935
0.026972853
-0.013130719
0.034468334
-0.03721408
0.1790159
-0.02877934
-0.12423356
0.065619335
-0.056657113
-0.044402234
0.01720878
0.0015617011
0.007307313
-0.003178479
-0.014705193
-0.013892122
-0.0051299534
0.08424214
-0.09535825
0.0021898998
0.0489793
0.06569417
-0.040370848
-0.048960656
0.082897805
0.07211817
0.049733203
-0.046131235
0.06810867
-0.02589634
-0.026243202
0.07718973
-0.10570191
-0.115954384
-0.0057929684
-0.023953734
0.021065816
-0.073574044
0.024386557
-0.009759975
-0.019396063
0.026045946
0.05157858
0.0015827288
0.00078897714
-0.010359733
0.03452028
-0.009621631
0.025807481
-0.000775127
0.013665878
-0.029397923
0.018852323
-0.043579493
0.07506133
-0.0042453352
-0.019748183
0.030800423
0.0016488486
-0.0097946
0.06305001
0.0014263125
0.0034828235
-0.021062572
0.08241811
0.0035884802
0.007331727
-0.05163446
0.08032157
-0.016671382
-0.062192276
0.03728433
-0.009976709
-0.0402994
0.034766573
-0.108368285
-0.0497023
-0.009227143
0.0038605481
0.079681516
0.07638345
0.03003127
-0.094842345
0.088152714
-0.07281804
0.06146364
0.08799485
0.052239962
0.0067702313
-0.03408364
-0.04660907
0.0037827196
-0.08928359
-0.023688827
0.06368649
0.006793097
0.029533908
0.027212355
0.026492681
-0.06749315
-0.010637385
-0.035033256
-0.0063782413
0.043571204
0.055841997
-0.00058895355
-0.042453606
0.048866436
0.0758255
0.07025968
0.008365542
0.09421932
0.0253622
-0.06805363
-0.015122332
0.026655806
0.04771414
-0.014481429
-0.004242596
-0.039169047
0.029044295
0.029132644
-0.061702993
0.072572045
-0.102135904
-0.13577357
-0.070540994
0.00072479056
0.011789243
-0.1744428
-0.06430769
-0.0144104455
0.047906213
-0.02753829
-0.018637056
-0.04420905
-0.09892032
0.006071925
-0.024383357
-0.04852246
-0.15652034
-0.020598806
0.0227257
-0.10944731
-0.03771754
0.06653074
-0.042020094
0.044837598
0.047946356
-0.0477308
0.04424133
-0.0012713026
-0.08022235
-0.026245767
0.019124297
0.052301493
-0.025802284
0.039438277
0.04215165
0.04992366
0.0074507245
-0.017383324
0.008175771
0.08881074
0.04250344
0.1345153
-0.02166008
-0.0273392
0.07047974
-0.07297308
0.053847738
-0.0030158404
0.059308268
-0.014187618
-0.08438748
0.005823742
-0.012391512
-0.0059843445
-0.14515166
-0.022090523
-0.12896243
-0.06970409
-0.004891978
0.08753965
-0.050879516
0.05397307
-0.011828918
0.095746174
-0.018490745
0.0186175
0.00015637536
-0.10284215
-0.0843673
-0.005577826
-0.04547229
-0.007467644
-0.008950167
-0.039723456
-0.027041774
0.020837437
0.06163124
0.16809165
-0.09259244
-0.13116857
0.08207432
0.011030604
-0.065314986
-0.004489668
0.007185245
0.0254891
0.009341752
-0.026157448
0.01136003
-0.017218191
0.025003405
0.002652942
0.006537672
-0.038417507
-0.0010047804
-0.009076804
-0.014998804
-0.00040833862
-0.021664405
0.12716092
-0.0066542984
-0.005613599
-0.087563984
-0.046742354
0.060974654
-0.07610508
0.0032323208
-0.030702816
-0.024457289
-0.005747521
-0.013798222
-0.048069138
0.022310827
-0.03638082
-0.062514454
-0.053560693
0.0011604367
-0.06731518
0.008115658
-0.08594719
0.0022693395
-0.07955499
0.013127733
-0.0011962188
-0.037004273
0.036250982
-0.0063911118
-0.0038833453
-0.038274575
0.06946522
-0.0282923
-0.10237879
0.039181087
-0.001448989
-0.008675714
0.024591597
0.03929867
0.0043174415
-0.01136323
0.12716642
-0.046167582
-0.038497616
0.027850525
0.016589802
-0.0032046407
-0.058942225
-0.13482973
0.02120756
-0.0072253793
0.021617197
0.01747894
0.016403351
-0.043173987
-0.06313342
0.017892748
-0.043950807
0.098412365
-0.03235087
0.008653501
0.007293344
-0.07552462
0.036498286
-0.06290629
-0.037210323
-0.018005874
-0.078989655
-0.034108125
0.042789005
-0.083218165
-0.085727744
0.056771766
0.013767587
0.009644641
-0.011242217
0.015074744
-0.030620178
-0.00642056
-0.0126942275
-0.017066356
-0.045730304
-0.038540784
-0.0033136797
-0.02034632
0.014119465
-0.051836595
-0.015739398
0.122695036
0.007086117
0.01764653
0.04937386
-0.0033439777
-0.096916094
-0.07838503
-0.020081578
0.0023123054
-0.04687348
-0.012407625
-0.05409031
-0.14492784
0.046874337
0.10084795
-0.071761146
-0.015138326
0.0016179425
-0.013236044
-0.07116378
0.07191231
-0.05006084
-0.0056824023
-0.08396403
-0.04179106
-0.053360067
0.041129
0.0032192145
-0.01422386
-0.03225222
-0.07853833
-0.01722863
-0.052529912
-0.055225044
-0.045927376
0.024197593
-0.008367942
0.1878571
0.019170614
-0.0934984
0.10937951
0.14210226
-0.07748485
0.0038724183
0.022687543
-0.007242508
-0.019980261
0.032742426
0.06089878
0.12531668
0.0076238387
0.020242129
-0.041864023
0.00031055175
0.004025634
0.033339117
0.020366168
0.01802883
-0.08386361
-0.080631115
-0.07618721
-0.0021970998
-0.01198066
0.018163798
-0.07171084
-0.08337642
-0.004437092
0.09369794
-0.12271511
0.047091223
0.16317046
-0.023207182
0.00933369
0.07229799
0.012109621
0.038641684
-0.015211064
0.03358309
-0.012475014
0.02459692
-0.02327229
-0.014673734
0.0007071307
0.028416108
0.101609305
-0.10955792
-0.038756095
-0.05137516
-0.041709255
0.009487033
-0.022019166
-0.08616857
0.12055536
0.05525614
-0.08425468
0.087871425
-0.033606265
-0.027600614
0.000549641
0.010741011
0.05947509
-0.046965506
0.018507687
0.1008804
-0.1264451
-0.06084866
0.053261973
-0.016565718
0.08126927
-0.017534574
-0.07905488
0.05837677
0.027173348
0.01888361
-0.006949428
-0.11303056
-0.005477086
0.001471089
0.021491878
-0.05665626
-0.0063281422
0.099581994
-0.029386574
-0.013189281
-0.01232506
0.15062018
0.119210154
-0.0913135
0.019682802
0.04975426
-0.0026187503
-0.059703924
-0.0718498
0.011541454
0.026645083
0.020111281
-0.0058758613
-0.008238944
-0.061814796
0.00024690936
0.0060238345
-0.07630501
-0.012362514
-0.013748231
0.005000741
-0.0018300927
-0.0035567505
-0.061404094
-0.045426674
0.034716632
-0.08140569
-0.026723497
0.1602627
-0.015409591
0.044789277
0.049920574
-0.016351845
-0.11792037
0.014428364
0.0055177473
0.035363987
-0.00083232747
-0.013079715
0.036137495
0.105700254
-0.010058451
0.06939969
0.039897904
0.041933585
-0.10763955
0.058921944
0.051937304
0.02139701
-0.03805178
0.0029713362
0.010970787
0.00846527
-0.010129104
-0.11286596
0.013775953
0.022108618
0.038854282
-0.008480976
-0.009969488
-0.008087551
0.001953044
0.039447628
0.08036294
-0.0102625415
-0.10563653
0.014752328
-0.0035231828
0.11284708
0.028034382
0.004519895
0.019512912
-0.059333857
-0.020750748
0.17601584
0.04059415
0.02173721
-0.0082232
-1.9690942e-05
-0.019171342
0.015351029
0.04021583
0.15190494
-0.04810957
0.0375057
-0.0038468188
0.029471226
-0.066278
0.044202495
-0.10164726
-0.021703582
-0.08662806
-0.095595434
0.025087256
0.14445616
0.122871116
-0.006966147
-0.08841581
0.13528812
0.06201571
0.017283738
-0.014384784
0.010579883
0.039955612
-0.004157112
0.01501341
0.00051843835
0.053384323
-0.06784225
0.030496167
-0.0036858786
-0.01627989
0.057730917
-0.013849673
0.12318029
0.010313902
0.02509972
-0.0049322294
-0.016076067
-0.09684596
0.03684358
-0.013782555
0.023464007
0.0036240148
0.011068763
0.10248553
0.0698064
-0.0049107047
0.050093543
-0.09795508
0.04184898
0.0138497995
-0.0055022896
-0.05727777
-0.033121854
0.018913196
0.09233134
-0.03632556
0.0053949407
-0.025147326
-0.0703394
0.11992887
0.034979988
-0.012943521
0.012766986
-0.021933101
-0.10608968
-0.012707406
0.010764344
-0.01673139
0.05616434
0.008604121
-0.035620302
-0.02773707
0.01695105
0.13089724
-0.037066225
-0.11477537
0.008712271
0.028371764
-0.0021583487
0.004177807
0.015442302
-0.0029613646
-0.0028844106
0.0091111455
-0.008029525
-0.091814876
0.022915041
-0.12530218
-0.07762187
0.028793987
-0.09159985
0.0041622263
0.062914684
0.022962397
-0.009489178
-0.018999655
0.09150094
0.08470024
-0.040724523
0.0168867
-0.03358073
0.08482444
-0.0012962309
-0.058624107
0.0017783971
0.019775614
0.02381957
0.026495239
0.05791864
0.093562044
0.09578502
0.020901494
0.0018956824
-0.04065259
0.119876854
-0.013348554
0.046165183
0.014240312
0.077975795
0.13323623
-0.030439941
-0.020733817
0.040808473
0.08828546
-0.107091434
0.008086059
-0.002917337
0.035259698
0.043090362
-0.101364955
0.02147492
-0.0020647536
-0.10070579
0.046062317
-0.02733722
-0.000986915
-0.022400092
0.002320662
-0.026751963
0.013815006
0.06429719
0.024075525
0.08394653
-0.09565794
-0.010868384
-0.009929829
-0.0010358436
-0.08121171
0.0803134
0.07121373
-0.00090588577
-0.0006923246
-0.007596273
0.094205104
0.06588212
-0.010236584
0.0065291002
0.042632613
-0.034454763
-0.082252026
0.008618659
0.04983873
0.056112133
-0.00016797244
0.087385446
0.0070944433
0.0052125077
0.039939117
0.03679674
0.016446942
0.013498721
0.08907766
-0.00241272
0.06998908
0.010374658
0.08159467
-0.041894875
0.0008294924
0.004841425
0.021151947
-0.016620116
-0.110918716
0.16198793
-0.0058958563
-0.0066569117
-0.08398904
0.07313646
-0.033620883
-0.04707596
0.017366767
0.016745554
-0.016788604
0.006558005
-0.009066979
-0.008398254
0.062195912
-0.04250841
0.0036223126
0.026845103
-0.04893497
0.019788895
0.030348472
-0.00026692377
0.015193284
-0.01695951
0.0953857
-0.07637934
-0.090508595
-0.05838429
-0.012439181
-0.021433022
-0.046999723
-0.096210554
0.06799551
-0.0075634513
0.07635228
0.00094984344
0.00076789805
-0.0070858668
0.11528975
-0.006993757
0.045740526
-0.012162839
0.074852
0.030400898
-0.122599624
-0.007914052
0.054987397
-0.018337553
0.0027155716
0.0255163
0.061649054
0.12107299
-0.016148457
0.035981137
-0.005792751
-0.030921865
-0.042054385
-0.041038085
0.10862752
-0.04729441
0.0005693276
0.0073347986
-0.002426996
0.050242536
0.0060438514
0.016288066
0.0028460207
-0.073980704
0.09624193
0.1217978
0.007051568
0.061811965
0.016648455
-0.04912921
0.015675658
-0.008515811
-0.029896548
-0.058395732
-0.016500298
-0.07701704
0.09843861
-0.05386724
0.14256549
-0.09800346
0.10190255
-4.113247e-05
-0.007640736
0.090907544
0.093685664
-0.08876964
0.10142735
0.020289028
0.01999944
0.028703444
0.0877429
0.13129249
-0.1062087
-0.09645278
-0.015185088
-0.042756233
0.018907735
-0.02119984
0.089949906
0.010706474
-0.00017366918
-0.025028672
0.12049191
0.12279095
-0.0071012047
-0.05267769
0.04895139
-0.006800144
-0.01682444
0.028497504
0.043189555
0.0119694425
0.031914644
-0.0054113455
-0.06698191
-0.042520456
-0.009803942
-0.10944065
-0.017327903
-0.011837605
-0.0046550483
-0.16751815
0.120839916
-0.123073824
0.04675985
0.01677469
-0.0042726095
-0.014919405
-0.072426744
0.10224901
0.08389376
0.008755024
0.07342232
0.053769253
0.011082539
-0.1195882
-0.009214974
0.010236965
0.0555569
0.13529678
-0.0019215033
0.06340836
0.09896673
0.018981265
0.056161836
0.08636565
0.11709772
-0.022549834
-0.10236185
0.16400729
0.056703646
-0.019458586
0.01656792
0.050508402
0.07608548
-0.07720035
-0.029939549
0.005485184
-0.12407963
0.032454267
-0.0734254
0.06995915
-0.0320481
0.0046322406
0.15626349
0.010606566
-0.004752892
-0.02829185
-0.073195435
0.13824849
-0.032125376
-0.019478872
0.011729582
0.16790956
-0.058465023
0.013137968
-0.036757912
-0.04221653
-0.10742386
-0.041071907
0.14228
0.00669254
-0.0766234
0.06359491
-0.08652587
-0.07536516
0.0065710116
0.01838853
-0.017271517
-0.08963101
-0.0028929536
0.047553606
0.14578436
-0.07737313
-0.07813139
0.12543021
0.021327732
0.022234213
0.03237153
0.07250682
-0.12405163
0.072569355
-0.23119389
0.0710465
0.009401145
0.0021737197
-0.0018476065
-0.00807857
-0.07073158
-0.039374903
0.008148913
-0.06904694
0.034927454
-0.1327075
0.106219165
0.03349089
-0.0004816737
0.084479414
-0.009075786
-0.046004348
0.010020161
0.13513696
-0.0691054
0.009765865
-0.112169325
-0.012379169
0.11379072
-0.06354998
-0.122978084
-0.013103743
0.019741228
0.17880785
-0.061566953
0.021510523
-0.2135929
-0.07708061
-0.063787855
-0.031837452
-0.02401109
0.0017828944
0.15163895
-0.06913141
-0.031665068
-0.031318616
-0.021989988
-0.06798609
-0.016178178
0.06338851
0.0538132
0.13320147
0.1103337
-0.035105117
-0.09555482
0.06758991
-0.026981268
0.01888041
0.11182494
-0.009482327
-0.030837482
0.04006958
-0.09629583
-0.13761346
0.00429317
0.03905163
0.032689624
0.1667344
-0.0068211807
0.09413662
-0.012957501
-0.071329996
0.03080792
0.017715717
-0.062232647
0.15548566
0.09321583
0.050325744
-0.021896122
-0.031242788
-0.07539284
0.102959365
-0.024086615
-0.07125538
-0.122391246
0.024250722
0.09478185
-0.012460086
-0.029294446
0.043621823
0.0030829727
0.10713513
0.09735833
-0.024314411
-0.027586075
-0.008292296
0.019796893
-0.09077115
-0.099450245
0.0057196124
-0.047582157
0.019250091
0.016962964
0.14799055
-0.16717315
0.02209884
-0.008502037
-0.0898237
0.06510954
-0.020313133
-0.029951239
-0.024074368
-0.013182605
0.016993117
-0.08233994
0.010160581
-0.03486412
-0.010829066
-0.09162859
-0.051582243
-0.014827411
0.057630267
-0.11956603
0.0361809
0.010971038
0.050373893
-0.11275679
0.032071672
0.18109037
0.19302678
-0.0625332
0.085401
0.17077062
-0.055929787
-0.18262559
-0.00085156254
0.03120467
0.017454818
0.017396929
0.006223326
-0.033144973
-0.014932453
0.02873723
-0.0871898
-0.0418377
0.015994254
-0.006367098
-0.008784289
0.013942603
-0.112049155
-0.0053547616
-0.0042042993
0.033457257
0.0012641588
-0.06560131
0.088692896
-0.02197723
-0.02193847
0.08443389
-0.012806902
0.17014204
0.05921033
0.00483113
-0.07114673
-0.13465442
-0.06525869
0.13220386
-0.010168166
0.025549168
-0.09545375
0.027738273
0.023649711
-0.13019632
0.08972856
0.045822795
-0.11250448
0.059688322
-0.07304756
0.023917014
-0.0019977463
0.09140616
0.008124979
-0.00012398984
-0.022236614
0.06813028
0.15956186
-0.040098645
-0.06639517
0.087361895
0.010102099
-0.041896548
0.09955435
0.04999706
-0.025389971
0.05482744
0.026471725
-0.0011724558
-0.052153144
-0.004372581
-0.011668121
0.0538645
0.028479386
0.031285387
0.019322569
-0.060312454
0.120197944
-0.024033152
-0.08907565
-0.032109957
-0.022712464
0.028399574
-0.010463805
-0.080723815
-0.048579935
-0.0013979179
-0.011439047
-0.002053252
0.03509341
-0.024131503
0.0018672332
0.11479968
0.108187534
0.046518933
-0.00064651266
-0.01776496
-0.0019087215
-0.08639586
0.12176389
0.008657581
-0.0011708777
0.08069496
0.044523697
-0.0032294546
-0.09586086
-0.018523306
-0.02555806
0.058558077
0.04630047
0.006143587
0.009949356
-0.025192183
-0.07330185
-0.04296684
-0.037690144
-0.020236216
-0.027387055
-0.1464168
0.07110729
-0.019541249
0.12680769
0.09224527
-0.021428695
-0.012064363
0.026421392
-0.023326255
-0.01819164
0.028320758
-0.030183088
-0.034795202
-0.072053514
0.09939314
-0.00034705692
-0.0011860807
0.0028005543
-0.10901894
-0.038347084
-0.046505917
0.037479196
-0.015564714
-0.10634977
-0.116834745
-0.027081745
0.016394442
-0.09136205
-0.055294305
-0.017189048
-0.024947252
0.09873603
-0.13561805
-0.1297513
0.017108254
-0.0625732
0.03525664
-0.033519223
-0.1061357
-0.048433095
-0.03042191
-0.013802103
-0.03736213
0.021129502
0.1164593
-0.011442417
-0.11685648
-0.029652571
0.002789139
-0.053689104
-0.013773792
-0.008068921
-0.09767336
-0.16208671
0.022986684
0.043478377
-0.03874123
-0.061078005
-0.032010593
0.05261914
-0.016149724
-0.078969404
-0.002787859
0.04168112
0.02033732
0.014359103
0.08951768
0.09520298
0.019008808
0.061456442
0.07122647
-0.025789373
0.0040129432
0.013417398
-0.027826324
0.0034623076
0.006897985
0.04067524
0.081579365
-0.035894495
-0.011498691
0.075388126
0.10366339
-0.0046936413
-0.018677376
-0.105785556
0.09576621
-0.012605516
0.017186437
0.014344392
0.027046222
0.019350681
0.1933387
-0.029320266
0.04371423
-0.039152075
0.09183558
0.07797706
-0.0684708
-0.0017566318
-0.040833753
-0.0789262
0.0250377
-0.023541255
-0.015020791
-0.045765404
-0.006886883
-0.03215193
-0.029149039
0.062913835
0.03668741
-0.11784998
0.019940162
0.016188992
-0.0038516955
0.13519399
0.006123689
-0.013671721
0.18936923
-0.10160224
0.021418415
0.08311666
0.016934447
0.059518453
0.12673432
0.17973684
0.020164495
-0.061215952
0.04014975
0.021415012
-0.0053025004
0.14043419
0.12743993
-0.0014706682
-0.046021618
-0.16285105
0.010411106
-0.0043927873
-0.012178821
0.12577938
0.014615187
0.098612145
-0.06931611
0.035456385
-0.06668681
0.073033795
0.073500775
0.11962479
-0.1475631
-0.036921766
0.015958896
-0.08144081
-0.0530077
0.001199125
0.02855499
-0.059216514
-0.00012987059
-0.030143816
0.052434087
-0.045129023
-0.0056991796
0.07429349
-0.017117282
-0.104424424
-0.017362097
-0.00518766
-0.03610938
0.056415066
-0.04672842
-0.013990137
-0.008381316
-0.021384789
0.023375468
-0.0025947015
0.06562879
-0.067920424
0.017728392
0.17691314
0.09796237
0.074738584
0.07360479
-0.00054677355
0.019331358
-0.03228255
-0.10414864
-0.0033061332
0.12275706
0.0428893
0.13173813
-0.08476613
0.08356281
-0.011738377
-0.030459827
0.008525371
0.06957174
-0.05691962
-0.048533786
-0.08523389
0.100460716
-0.009741542
0.13263942
-0.08848885
-0.03238456
-0.08194965
0.04243991
-0.07672029
-0.026385592
0.024768049
-0.0086004445
-0.044787917
0.022477522
0.08687738
0.042100314
-0.008285801
-0.11111358
0.0048587313
-0.122591354
-0.0010361588
-0.025754191
0.013186692
-0.020155333
-0.04170662
-0.0054021697
0.08777054
-0.10878041
-0.019820863
-0.0010417425
0.04871256
0.0023641726
0.104474515
0.018715473
-0.0061024
-0.045596913
0.16294318
-0.0044461833
-0.055764027
-0.08550015
0.012813839
-0.0045089545
-0.005072449
0.09740405
-0.00989389
-0.032627743
0.0052244724
0.023827424
-0.044455234
-0.005912166
-0.050506033
0.021992808
0.08905115
0.1179809
-0.062760375
-0.025937274
-0.08796643
-0.022066306
0.024207115
0.07021057
-0.008947984
0.05396955
0.019614886
0.029235808
-0.0685061
0.024623906
-0.010460679
0.0450092
0.07636924
-0.12338888
-0.09991284
-0.0053873677
0.20283206
-0.09788437
-0.0065414486
-0.00408553
-0.15033013
0.002108724
0.04764441
0.07331542
-0.04639433
-0.041028596
-0.04992938
-0.07450939
-0.0009701728
0.009198128
-0.005325887
-0.057937082
0.07840578
0.12431997
-0.11326717
-0.089966774
0.0011459894
-0.01107883
-0.042692747
0.07941856
-0.043296106
-0.016461693
0.0038675698
-0.092233524
-0.03248783
0.11661855
-0.0061498373
-0.00060669717
-0.07274206
-0.01513093
0.020267824
-0.033370115
0.07057692
0.05709773
0.0147705525
0.15105224
-0.040758453
0.009465002
-0.0072539807
-0.09266924
-0.055838086
-0.08153191
-0.033108503
0.026101664
0.13620123
-0.03360239
-0.062707804
-0.10813235
-0.008079184
0.015150004
-0.10922228
0.011553386
0.062818475
0.021688327
-0.052343793
-0.095060125
0.005530734
0.053027954
-0.098145194
-0.01578321
0.0026213978
-0.13917667
-0.048816457
-0.056211453
0.14239442
-0.0058566015
-0.014119003
-0.07952737
0.01878526
-0.005628648
0.12102461
0.0076140394
-0.025425645
0.09870844
0.001422752
0.017162312
0.005838675
-0.004213232
0.14288618
-0.11339125
0.02004958
-0.1367444
0.05416612
-0.013122513
-0.07755847
0.02274632
-0.023275321
0.0053483094
-0.034120616
-0.13835558
-0.053788863
-0.016476527
-0.032456394
-0.0061104293
0.010765352
-0.015355054
-0.016957592
0.013111463
-0.11608772
-0.008524522
-0.10735604
0.0135637075
0.13203396
-0.08339585
-0.15400134
-0.025459932
0.13928832
-0.007873088
-0.09461711
-0.042868435
-0.007909078
-0.05369509
-0.02171124
-0.06466769
-0.019305637
0.12584591
0.005945764
-0.009641138
-0.016465507
-0.087992206
0.026565794
-0.013751702
-0.019971743
-0.10617217
-0.16077131
-0.034362163
0.037317023
-0.016071837
-0.01632209
0.0060773087
0.16229923
0.004551028
-0.00881959
-0.0017722603
0.005580606
0.110550575
-0.15002967
-0.014393014
0.017038489
-0.090144746
-0.055558905
0.014514726
0.021510476
-0.014683534
-0.07207062
0.064781114
-0.055274058
-0.026120748
-0.010971206
0.09828296
0.025780117
-0.032606356
-0.050021388
0.08465567
-0.07194138
0.047705553
-0.073326856
0.10221319
-0.048675295
0.02530674
-0.020547481
0.04659707
-0.02617895
0.029275473
0.09256464
-0.09861953
0.0062181754
-0.019852892
-0.0490999
-0.020289673
0.08642973
-0.035511963
-0.028051745
-0.02978973
0.000575247
0.09839705
-0.019976027
0.016007448
-0.031677987
-0.04037217
-0.0163569
0.14223675
-0.0057065063
0.09747431
-0.032561537
0.01675061
-0.09311458
-0.06927546
-0.07478351
-0.021923326
0.04281926
-0.0027313186
0.015144962
-0.083113566
-0.098037615
0.08313301
-0.05901715
-0.0060162577
0.042665426
-0.058365617
-0.0056361216
0.018018283
-0.042053677
-0.03225737
-0.073552996
-0.015080455
0.07649506
-0.13806243
-0.10292907
-0.017137097
-0.0038997936
0.13037135
-0.1164513
-0.020383256
0.072073676
0.017442182
0.10714842
0.016890923
0.10759448
-0.011053456
-0.019741828
0.15729392
0.17318533
0.030649154
-0.012318491
-0.027400197
-0.11146652
-0.057197362
-0.01617123
-0.016092844
-0.09839044
-0.10788761
-0.02191056
0.024016049
-0.02919578
0.011072367
0.09682123
-0.003831512
0.027953839
-0.030352829
-0.09040919
0.031682126
-0.01689885
-0.008656652
0.022796355
-0.07008538
-0.11204662
-0.11587867
0.042965434
0.0036699427
-0.040438637
-0.090104006
0.036963344
-0.0037878053
-0.015520719
-0.0398835
-0.062488694
0.077484235
-0.07455766
-0.19745234
0.08204701
-0.015819136
0.043425675
0.052847564
0.021935135
-0.10523963
-0.093929276
0.009552201
-0.00033936332
-0.013935267
0.0013715863
-0.034389637
0.02257605
-0.10670029
-0.03221101
-0.0062869755
-0.05921623
-0.004250606
-0.011697757
0.10448403
0.028053526
0.019775664
-0.008627064
-0.07725628
-0.091583095
0.055258755
-0.1107951
-0.01182942
0.13253409
0.014736342
-0.055958275
-0.002195724
0.012274793
-0.091570765
-0.06644765
0.017861716
0.069370836
-0.13470525
-0.047311496
0.08137918
-0.008353257
0.018359378
-0.012984729
-0.08526638
0.041055333
0.08604997
0.031478353
-0.017713565
-0.08343433
0.017670535
-0.097836636
-0.014756107
0.056613546
-0.03164578
0.07463881
0.020398442
-0.0081364205
0.08211943
-0.0070668035
-0.072228394
0.026118863
-0.087506235
-0.04535241
-0.031761672
-0.031919528
-0.080158465
-0.013946819
0.12845258
-0.08716759
0.039545454
0.0072525325
-0.010441124
0.012786999
0.00584437
0.035201818
-0.09355727
-0.12457498
0.0033528437
-0.10414792
0.02323244
-0.017281273
-0.023557251
-0.09924319
-0.018010715
-0.01626093
-0.055904366
0.13194394
-0.036045417
-0.07202251
-0.02412719
0.026510905
-0.14286888
-0.09239964
-0.15426488
0.016619978
-0.014322439
-0.0032104207
0.0026310184
-0.062509164
-0.061572567
0.037144028
-0.024198255
0.15806895
-0.023906793
0.0012020739
0.005883984
-0.24854118
-0.029771036
-0.025806041
0.18094005
0.030809896
-0.026082575
-0.002482831
-0.0737702
-0.059274085
-0.08218827
0.049402583
-0.008876284
0.1129782
-0.028239015
-0.0071484647
-0.074094795
-0.049533762
0.011137652
0.0038701326
-0.030328318
-0.033079904
0.0051949667
-0.0017763566
0.022771003
0.079777874
0.021637216
0.11107943
-0.0071608904
-0.031551585
0.038883656
-0.015926428
0.050943065
0.021142682
-0.031767324
-0.0035380898
-0.050737284
0.102832474
0.07968939
-0.02837391
-0.22489539
-0.010224729
0.09278638
0.0015252774
0.0046619177
0.0016434997
-0.06908823
-0.04819124
-0.03805273
0.07941819
-0.030801363
-0.039971974
0.01620224
0.06638613
0.022697134
-0.003432679
-0.085442774
-0.099021085
0.024642192
-0.032121837
-0.06883344
0.053891055
0.029719569
0.06110945
-0.13902399
0.03882644
0.07867149
0.058091756
0.1169481
0.030587487
-0.008323925
-0.12878515
0.09986744
-0.023756508
-0.0390655
-0.0040571108
0.044325992
-0.0024830163
-0.050102133
-0.007908317
-0.021480244
-0.00811425
-0.061635062
-0.017923377
-0.024627732
-0.17145883
0.017664278
-0.06626678
0.016178744
-0.024338657
0.022244519
-0.05139548
-0.02953606
0.0077060796
0.05096724
-0.14574417
0.10347099
0.0025843652
0.14059277
0.014896652
-0.07858304
0.10390297
-0.069916435
0.019466363
-0.008014682
0.012345672
0.004288315
-0.0005527597
0.014607379
-0.11772676
-0.07173525
-0.03999575
-0.19438668
0.0010399306
0.04595836
-0.004822503
-0.014297394
0.11902053
-0.07219245
0.0803723
-0.14378412
-0.079029426
-0.022657193
0.13956517
-0.048689757
0.0130649395
-0.12607716
0.014645775
-0.003927827
0.020755524
0.034945555
0.04217943
0.00042122471
-0.047801778
-0.015896864
0.0020609146
-0.0047738
-0.017580884
-0.14182733
0.03978641
-0.0452342
0.0010501647
0.09265529
0.014653998
0.046482734
-0.043270536
-0.005589596
0.07056094
-0.07752915
0.038200147
0.12262091
-0.030358817
-0.08902074
0.021690894
-0.10628793
0.036793016
0.06398973
-0.029614657
0.024261508
0.048064556
-0.021639835
0.004462549
0.034439564
0.06514167
0.018722765
0.11833663
0.0065207747
-0.023817759
0.09450336
0.009115703
-0.037011273
0.018288657
-0.024444766
0.014436993
-0.050491594
-0.08421049
0.12233837
0.088664025
0.10174708
0.07866198
-0.011970744
-0.022840474
0.052413743
0.01938606
-0.09438429
0.014739799
0.009482688
0.022463014
0.008760923
-0.006502372
0.081487976
-0.044539027
0.04339552
0.112592444
0.056675613
0.03018956
0.17706203
0.036167584
0.019305907
0.088984996
-0.08274092
-0.0033964838
-0.12868398
0.009642731
0.095986694
-0.03766646
-0.014479327
0.12797175
-0.042197865
-0.001352633
0.027690003
-0.0002361673
-0.055693254
-0.020134239
0.04800629
-0.019843502
0.067422755
0.07679502
-0.012532057
0.003759199
0.073768266
-0.075734764
-0.08806979
0.04165121
0.098143004
0.091399215
0.026475646
-0.02484465
0.011001991
-0.0012432913
0.0074745636
-0.004371188
0.03584989
0.038366694
-0.009053015
0.1740272
0.01253752
-0.19033955
-0.14932038
0.06964797
-0.0057376833
-0.105759956
-0.01655751
-0.05978
-0.004656656
-0.13027811
0.026506389
0.07253079
-0.055616245
0.15395966
0.114750415
0.01059761
0.0035454642
-0.020965725
-0.011041995
-0.02512931
0.017386954
-0.011984558
0.0047003455
0.15570216
0.011444792
-0.0031906615
0.015291134
0.085342795
-0.012902243
-0.11760237
-0.016714087
0.0058755428
-0.08111225
-0.023212072
-0.078418516
0.1396681
0.009110873
-0.009460593
-0.0045470446
0.009281664
-0.050994817
-0.05728907
0.010964794
0.077880405
0.10685596
0.011173786
-0.07714735
-0.011687037
0.028617822
0.14164743
-0.020052362
0.05471413
-0.17962925
0.08121444
-0.084831245
0.23503007
-0.006300522
-0.0119502805
-0.0010753308
0.07172026
-0.05945755
-0.01719482
-0.0480192
-0.036539957
-0.038700197
-0.09618361
-0.027860552
-0.020288158
-0.018544238
-0.0031368579
0.07784971
-0.0034292808
0.12666208
-0.027811285
0.01178313
-0.020362912
0.018661011
-0.0053877677
0.017696012
-0.001180656
0.006684459
-0.024303589
-0.078645855
-0.013408628
0.114772975
0.05940719
0.02898725
0.057607256
-0.034812633
-0.09821177
0.05550899
0.00092119596
-0.10144618
0.20636839
0.042695247
0.09803871
-0.02903899
-0.058621727
-0.018037198
-0.010947219
0.11428141
-0.014485042
0.038016472
0.09929733
-0.104617976
-0.10394261
0.0035961606
-0.027644608
0.016366119
0.007485941
-0.048710156
0.13604
-0.001873015
-0.04786029
0.026678026
-0.08658708
-0.025417691
-0.08862956
-0.032440405
0.029545756
0.009730909
0.046726912
-0.0059994627
-0.003625358
-0.017518234
-0.037520416
0.08265041
-0.025263492
0.020338306
-0.0071033733
0.012311173
-0.04177
-0.009016129
-0.10813275
0.038812097
-0.002269394
-0.0039155805
-0.012677607
-0.022684935
-0.01675088
-0.1548531
0.0090393
-0.009822869
0.00039418542
-0.06085415
-0.060985666
0.009608839
-0.048165765
-0.0023122318
-0.04115702
0.06714202
-0.00561936
0.0119730905
-0.029418131
0.036709696
0.11968784
0.101551354
-0.03572602
0.1141039
0.038240142
-0.0003882768
0.11669296
-0.14157006
0.007899536
-0.003613045
0.006297539
-0.08364698
-0.013893702
-0.032729134
-0.004372136
-0.03626206
0.00341313
-0.0002408338
0.14542033
0.006855384
0.0688864
0.0055233613
0.004059763
0.04107153
-0.06303044
0.003481501
-0.011465042
-0.10780779
0.034764633
0.13673398
0.05352425
0.013869637
0.08263636
0.027579851
0.03554134
0.0077853655
-0.014926286
-0.032688484
0.11869784
-0.02248633
0.0025784113
-0.016194576
0.04493373
-0.07928452
0.017984008
0.024892088
-0.01319059
-0.024540868
0.08663678
-0.1512225
0.047533866
0.014997471
0.10697481
-0.036508974
0.025384981
0.046366498
-0.094996214
0.022016518
-0.030703736
0.008284365
0.021165386
-0.049868092
-0.010313634
-0.12412191
0.17372827
0.0433311
-0.03858635
-0.01985105
0.11054415
-0.031014869
0.013402312
-0.009064816
0.06354143
0.046031263
-0.091913685
0.019450529
-0.015079097
-0.011489532
0.101132356
-0.080294475
0.07375716
0.0039472366
-0.01762457
-0.028612671
-0.0011031114
-0.013740821
-0.061492432
0.01570524
0.0065415916
0.0824512
-0.14203292
-0.042468447
-0.012922245
-0.0020379832
-0.103345014
0.009660811
0.14446613
-0.09661909
0.014968371
-0.011714018
0.04975902
0.012599467
0.10337414
-0.17080116
-0.011805788
-0.03222466
-0.13879885
0.00734319
0.004906987
0.026797874
-0.12466585
-0.13104974
0.043327387
-0.006779622
0.007769041
-0.012134242
-0.052697126
0.18226992
0.10782663
0.17814347
-0.0015401848
0.015424359
0.060596943
0.036492888
0.019218745
-0.056411702
0.042649396
-0.009261683
0.064043306
-0.029474268
-0.04501171
-0.008069815
0.07489325
-0.043893207
-0.015152776
0.006997338
0.0071504354
-0.00011081618
-0.18471785
-0.012823778
-0.016257616
0.12539203
0.055643573
0.02167937
0.0564699
-0.08073226
0.060199726
-0.040068056
0.05340877
0.064452
0.16136397
-0.047959927
0.0036290481
-0.03640649
0.035836384
0.067145325
-0.007245707
0.08945703
0.0007817968
-0.07959634
-0.10236107
0.13671978
0.08097722
-0.00016035064
-0.002379427
0.06988015
0.07681046
0.032669324
-0.010095179
-0.06500529
-0.022268176
-0.1006026
-0.03662583
-0.0016662194
0.02936566
-0.029575827
-0.034237586
-0.10669519
0.03492903
0.011870927
0.098656714
0.012746846
-0.056858882
-0.02859591
0.072241955
0.015850741
0.030428119
0.1056
0.056483008
0.042829357
-0.0036027757
-0.031194232
-0.0411421
0.009601116
0.1139394
-0.029728903
-0.009116283
0.023036772
-0.00874471
-0.03457217
-0.15650041
0.06350932
-0.003911816
0.011870127
0.13201165
-0.04159612
-0.02440485
-0.041767128
0.025950013
0.03429326
-0.17525105
-0.15891759
-0.06409543
0.011047896
0.011649831
-0.013411313
0.08046356
-0.0012732398
0.13843566
-0.09633367
0.07790647
0.06989302
-0.01654066
0.0016834768
-0.09199146
0.029372757
-0.034449235
0.1415871
0.002172155
0.08842187
-0.014696687
-0.08161964
0.003798289
0.017533137
-0.003137913
-0.086043365
-0.11060163
0.19542584
0.059961796
0.060826194
0.087094754
0.062405158
0.07572072
0.013689284
0.054496754
-0.051686827
0.09679036
0.05680622
-0.0391566
0.014529072
0.007847035
0.021807326
-0.0013462482
-0.070891045
0.036827736
0.027661841
0.09006025
0.005313515
-0.045086898
-0.08135829
-0.019233834
0.13772847
-0.024551665
-0.018406916
0.029401284
-0.12339462
0.019970054
0.016654208
0.0677642
-0.06774386
0.024449108
-0.05221401
0.017744837
-0.01711087
0.02759325
-0.017815987
-0.07202768
-0.16623682
0.008256903
-0.19712369
-0.1448841
0.010491974
0.0012900396
-0.014320919
0.04175469
-0.05164557
-0.017946856
-0.03790273
0.019918023
-0.0093847085
0.06845582
0.036294606
-0.07107201
0.16529074
-0.00200879
-0.017531674
0.11276936
0.013966501
0.020519027
-0.065687686
-0.0063726306
-0.09349814
0.06985044
0.0111894095
0.008192086
-0.03574445
-0.08484762
0.013128885
0.123639874
0.12455157
0.016255584
0.13780214
0.00085026945
-0.01716493
0.027669309
-0.004733448
-0.0046670157
-0.0021308865
0.032880314
-0.020670865
0.014225371
0.045867916
0.12098928
0.16737352
0.021799123
0.11644077
-0.117791
-0.001749942
-0.05058158
-0.0649958
-0.040910907
-0.016144648
0.1117154
-0.18652813
-0.042764526
-0.010199769
0.03544634
0.007862856
-0.018260613
0.024114272
-0.0029918181
-0.013810247
-0.023483884
0.08361525
-0.06715917
0.013045269
0.075557455
-0.007742255
-0.071711436
0.064736165
0.0012498403
-0.030498357
0.12950231
-0.055774905
-0.044227082
-0.09267014
-0.0021931375
-0.01197524
-0.004430095
-0.0529082
-0.0032659294
-0.00047806578
-0.009205844
-0.010783248
-0.014033675
-0.0026041393
-0.006739675
0.050236605
0.038632493
0.008906871
0.032313414
-0.010579762
0.09697441
0.003963805
-0.117045335
-0.014087905
-0.019482752
0.10595461
0.029025521
0.03412981
-0.09849382
-0.013642605
-0.026304204
-0.13687655
0.039743382
0.07737651
-0.07112681
-0.005023479
0.0725163
0.041548796
-0.011359955
0.006100614
-0.00854062
-0.019181749
-0.06514052
0.008136948
0.021332579
0.047817696
-0.095160015
0.0591937
-0.08707134
-0.09816103
0.086688586
-0.0043681692
0.060584012
0.11122777
0.054532774
0.028220993
0.05182893
-0.03203756
0.009216232
0.02120723
0.01655929
-0.029441228
-0.06817011
-0.046475984
0.03918711
0.063957125
-0.037898757
-0.02628384
0.008848275
0.009279697
0.0040790015
0.031263206
0.01490481
-0.15327938
0.0054565324
-0.02456359
0.0024102728
-0.015749997
-0.11942868
-0.14068778
0.07206651
-0.028548747
-0.028559335
-0.024088182
0.023123723
0.09548636
0.008240738
-0.2512314
0.046234462
0.020293111
-0.05837622
0.0056460495
-0.012025577
0.009126986
0.016608879
-0.0012477443
0.025225904
0.11781213
-0.006794335
0.044811565
-0.096923396
-0.014756997
0.019188799
0.06754038
-0.04169676
0.020771602
0.07801381
0.03449854
0.04346164
-0.0773677
0.06049544
0.01865256
-0.071828425
-0.22065601
0.0767675
0.02110766
0.006393632
0.050972395
0.013685867
-0.08817431
0.031572256
-0.018581789
-0.08855844
0.005395793
0.006882507
0.018269304
0.1276983
-0.018208433
-0.0217259
-0.058715474
-0.12626465
0.006089507
0.05422674
0.011749779
0.011113054
-0.011597363
-0.011042679
0.09190284
0.107819535
-0.063878566
-0.04792709
0.0073447446
-0.092672154
-0.09257958
0.011632371
-0.0037220847
0.045818605
-0.016645877
-0.04460265
0.13069461
0.034429256
-0.0060185143
0.052031707
0.031515446
0.05475631
-0.023819758
-0.03208963
0.018110413
0.13347112
0.030692488
-0.009554738
-0.07549767
-0.01759408
-0.023465624
0.0054367753
0.117208995
0.010505996
-0.005937285
0.105714716
0.016076798
0.015962027
0.20471649
0.085893944
0.006272698
-0.005300643
-0.10513397
0.13202815
0.09344013
0.023558687
-0.019630257
-0.08562756
0.011652405
-0.03440709
-0.0058451784
0.016752621
-0.032921858
0.008228093
0.025183925
-0.082196444
-0.10918738
-0.122749746
-0.02891887
-0.017286014
-0.0079565635
0.0019551045
-0.06012827
-0.095736384
-0.104458906
0.07618976
-0.0045071365
-0.03082582
-0.042950556
0.08459884
0.03241646
0.13209963
-0.036847584
0.013335103
0.0019305855
0.011322276
-0.00017087875
0.042565867
0.039377242
-0.10197455
0.1201456
0.032521438
0.052546438
-0.028748665
0.008216964
0.0075185695
-0.049790986
-0.0026497748
-0.021336222
-0.059407037
0.018676993
0.06166747
-0.0035813183
-0.06770126
-0.030965792
-0.06594744
-0.04132157
0.0590554
0.01876611
-0.010525752
-0.00874214
-0.080010355
0.006261368
0.010047516
-0.11688203
-0.03843637
-0.06878725
-0.14093766
0.004116009
-0.11112949
0.047143612
0.08167674
-0.039238475
-0.010102654
-0.00045436248
-0.024510643
-0.013507093
-0.115522206
-0.09166059
-0.005525561
-0.054504283
-0.099187724
-0.037205596
0.017213535
-0.014514299
-0.07303238
-0.040004153
-0.07807425
0.044002276
0.001196874
0.09353592
-0.039864935
-0.07263062
-0.025047803
0.19486761
0.08361824
0.009880151
-0.07792274
-0.031134672
-0.012862707
0.035815515
-0.058084313
-0.027051365
-0.020070247
-0.022772877
-0.111130655
0.017422596
-0.011326392
-0.035215817
-0.048023377
-0.019306427
-0.03580406
0.016533634
0.010236681
-0.017969929
0.009924025
-0.19107217
0.1297336
-0.0030007071
0.17229122
0.081924304
-0.13553335
-0.13887036
-0.06329507
-0.015396694
-0.06031819
-0.11827869
-0.023657644
0.008732381
-0.024852188
0.105970636
-0.053425528
-0.1430022
-0.06612586
0.06222097
0.0933633
-0.059408255
-0.08140811
8.6628825e-05
-0.0072241025
-0.053072553
0.042180087
-0.0022557576
-0.057263415
0.05649487
0.019630015
0.08623624
-0.05310294
-0.10750176
0.09908847
-0.07861547
0.06870386
-0.061665963
-0.0061396416
-0.0015202487
0.13188165
-0.06325071
-0.12609424
-0.02914305
-0.049499646
0.023939647
-0.0222551
0.07915164
-0.051931437
0.0064688753
0.02076721
-0.07600868
-0.03149178
-0.01933656
-0.020063099
-0.021918762
-0.039141707
-0.027765023
0.019604284
-0.023261333
-0.062716074
-0.039455786
-0.0014280787
-0.028055219
0.119821906
0.03558383
0.0065047466
0.009117036
-0.020594891
-0.09417398
0.025442848
-0.114300944
0.046796016
0.007847927
-0.013667599
0.0031146293
0.10280713
-0.00858428
0.1166651
0.007654743
-0.011653901
-0.05100287
-0.04537229
-0.035152752
-0.023894787
0.023783332
-0.014712664
0.029343331
-0.039066285
-0.08181908
0.005081844
0.010560867
0.0677279
0.012826868
-0.00080234325
-0.06641156
-0.030958671
-0.06749912
0.012733537
-0.056347802
-0.0808624
-0.058191154
0.054959476
0.021509998
-0.012363929
0.028643832
-0.06788692
-0.012971127
0.063940376
0.08100112
0.017232364
0.12966537
-0.015170365
-0.055122495
0.03147165
0.13699651
0.054782666
-0.06305997
0.022473129
-0.04239458
-0.015476597
-0.0162623
0.04600808
0.0012412812
-0.022189308
0.011898068
-0.016381077
-0.07093165
-0.02576977
0.0017633224
-3.2438922e-05
0.013209888
0.04002852
0.004329293
0.030808954
-0.030494502
-0.022403112
-0.053238094
0.0031616553
-0.07176535
-0.00016787673
-0.0060436134
-0.0050147553
-0.0704655
0.025089303
0.05570122
0.0201646
0.01729325
-0.07845837
0.024023766
0.14273825
-0.09658682
0.06723245
0.15470454
0.08806252
0.010939623
-0.120271094
-0.01936401
0.0037414783
0.006057206
-0.020841118
0.039684597
-0.11774696
0.03503429
-0.03289033
-0.01720618
-0.060989104
-0.031544045
-0.1044305
0.016260158
0.017999817
0.02878994
-0.0023812784
0.094961055
-0.15021381
0.0017973164
-0.108593255
-0.029082125
-0.026168719
0.0033865985
-0.024370445
0.024201615
0.019330608
0.008742846
-0.009606843
-0.05177753
-0.0820773
-0.010134059
-0.02062708
-0.08219417
-0.07205497
0.028834363
0.014931603
-0.09694304
-0.0020700968
0.017491246
-0.009573061
-0.006627594
-0.013356547
-0.008754718
-0.008113624
-0.012387476
-0.01467389
0.105008096
-0.107623085
-0.006690224
0.14131974
0.19715376
-0.018719966
-0.07287069
-0.03630038
0.12874685
-0.020596145
0.107004575
-0.12259996
0.10164999
0.013199802
-0.0027802528
0.12947786
-0.11366544
-0.0034716818
-0.009096363
0.014123623
0.0028373736
-0.01720769
0.03060479
0.019619191
0.009432008
-0.050985273
-0.021383034
-0.02264443
0.021871388
-0.038774617
0.012359371
-0.011221647
0.010077503
-0.006426149
0.010360551
0.012730111
0.11235662
0.01676829
-0.01360692
0.002994266
0.0941668
-0.025761027
-0.078979544
-0.017782912
-0.022208573
0.0401533
-0.031002957
0.10647358
0.030317346
0.0038108435
0.042226695
-0.06676751
-0.0138539495
-0.024105288
-0.033610087
-0.06500851
0.0640632
0.15153734
-0.16122445
-0.048281133
0.026809761
-0.04266202
-0.049975377
-0.00027658173
-0.008656755
-0.043906998
-0.0019607316
0.06971492
0.002883727
-0.013734388
-0.014387376
-0.0352141
0.103170544
0.06805285
0.11093139
0.20544118
-0.0007800344
-0.017688977
0.0041567306
0.0026416818
-0.042344116
-0.011904847
-0.034236114
0.0024607298
-0.12511973
0.011566341
0.17553991
-0.07462514
-0.032332487
0.055126905
0.025824176
-0.01693881
-0.038044736
0.027858038
0.1169247
-0.00803997
-0.17536521
0.03355589
-0.0113778245
0.055363905
-0.02341578
0.019526504
-0.014443812
0.0032885368
-0.023293579
-0.036235757
0.15362337
0.0073266127
0.031474777
0.04408408
0.01079301
0.004709721
-0.009790031
-0.030712917
0.007278607
-0.027510926
-0.018341107
-0.01274224
-0.06506974
-0.117125936
0.018317632
-0.06305526
-0.09707992
-0.16635521
-0.016033325
0.010258669
-0.08702375
0.102807775
0.15286958
0.06892217
0.0016011299
0.061596617
0.05510236
-0.0021932842
-0.0070825676
-0.078771435
-0.0021259615
0.05186376
0.09207001
-0.04759138
-0.006161158
0.021841832
0.024077175
-0.010295262
-0.0149100395
-0.009979236
0.08720573
-0.02531779
-0.008534236
-0.08228509
-0.011474607
0.091078594
-0.08178784
0.050781224
0.0146218445
0.11939258
-0.013152758
0.024191001
0.032834105
-0.036719706
0.05659869
-0.16821806
-0.0027938155
-0.053262413
0.043961924
0.024860455
0.06690865
0.067303024
-0.019532219
0.0147289
0.08329267
-0.012405073
-0.0076398784
-0.0081702005
1.42904755e-05
-0.07613336
-0.015883882
-0.0770463
-0.0101719005
-0.0032321836
0.15011916
0.08730086
-0.017128728
-0.006505401
-0.07472549
0.163828
-0.017930783
0.009421409
-0.0068222047
-0.064022966
-0.0388909
-0.017621221
-0.019377317
-0.012368186
0.053476214
0.09498192
-0.0037280445
0.036351535
0.02123357
0.058783684
-0.008995165
0.013391118
-0.01645659
0.0276256
0.070964865
-0.010047418
0.08591667
-0.025302388
-0.001853523
0.06980199
0.0010530141
-0.07372213
-0.09737439
0.09917177
0.055341616
-0.008184273
-0.0053663063
-0.012143752
-0.04570148
-0.026746027
0.008308691
0.07992039
-0.21259622
-0.064575925
-0.05215241
-0.06404752
-0.04523841
0.017925367
-0.091867216
-0.03254852
-0.0802448
-0.018585464
0.04634505
-0.027266786
-0.010340297
0.12585711
0.0025442354
0.062128253
-0.11155572
-0.074167736
0.0082011875
0.0309966
-0.00767552
0.07416014
-0.005849624
0.017113432
0.05785572
0.160739
0.019194888
0.14245524
0.016481534
0.026640354
-0.0017274222
-0.20211554
0.0955056
-0.0073333583
0.00076861156
-0.030675838
0.014805785
0.06481442
-0.065975696
-0.001222106
-0.07593691
0.044262927
0.0535466
-0.0020876206
0.011076984
0.05383033
0.06607708
-0.06765332
-0.045340903
-0.0035978116
-0.12333357
0.06312293
-0.054921456
0.06031415
-0.06803892
-0.024938775
-0.008704574
0.02778234
0.039781626
0.012154243
0.02160352
0.11410751
0.029418204
0.023418264
-0.055779368
0.042866427
-0.001157785
0.030457811
-0.021401407
-0.011837107
0.0076459358
-0.06984365
-0.017768886
0.0699515
0.0016660962
0.0009326166
0.0328056
0.003806318
0.0058222977
-0.12949577
-0.0029055157
0.077692695
0.009644477
-0.03135498
-0.13393305
-0.02789925
0.03178245
-0.005301667
0.02514128
0.033677045
-0.045864884
0.020943044
0.14967094
0.004671925
-0.133769
0.023893496
-0.12477168
0.05234709
-0.0029021008
-0.022207119
0.05569188
0.08115705
-0.0082225995
0.029277554
-0.08311926
-0.08456811
-0.11562814
0.034783527
0.09042386
-0.05565138
-0.040413175
-0.10508828
-0.09206272
-0.12324636
-0.0040149675
-0.13302575
0.015760036
0.040345024
0.075512715
0.05910886
0.103479005
-0.0064045936
-0.07718889
-0.009327222
-0.0104854675
-0.0025461996
0.029460657
-0.02253919
0.017354043
0.01935087
0.10100839
0.029134942
-0.005706382
0.013291842
-0.0021666936
-0.032742333
0.014501346
0.013451137
-0.053746082
-0.12620181
-0.028210161
-0.010567927
-0.14052188
0.0047048237
0.105994046
0.01038535
0.05651035
-0.02354151
0.008419833
-0.016313698
-0.0005867911
-0.087520346
0.011448954
-0.10696992
0.020280307
-0.06914611
-0.026068322
0.09036498
-0.11716823
0.107808225
-0.07874258
0.0094408095
-0.030162504
0.16875379
0.08958509
0.010476116
0.13280144
0.07656737
-0.042187948
-0.010463098
0.09919599
0.11130717
0.14090927
-0.042073514
-0.04705938
-0.14848715
-0.050410777
0.024525238
0.0051392624
0.0598467
0.022183666
-0.02331632
0.07651296
-0.05893185
0.053359363
-0.0077502728
-0.06716259
0.023123438
-0.091681145
0.030443313
-0.06977225
-0.010212207
0.15814897
-0.037451208
0.12146895
-0.021314172
0.04077364
0.027174203
-0.077744596
-0.01947919
-0.01679502
0.00012564367
0.025241755
0.20683542
0.101418406
-0.015851986
-0.032717753
0.009823475
-0.016165368
0.13009596
0.0035433022
-0.020034036
0.038326245
0.032379426
0.1459503
-0.011895338
0.0011851918
-0.0137289725
0.019627824
0.08979837
-0.079342365
-0.09880606
-0.03455526
0.10186161
0.05925065
-0.0615588
-0.0021259843
-0.09898636
-0.039282057
-0.05876206
0.014086144
-0.06211667
-0.032716896
0.03569474
-0.039051406
0.09278472
-0.108625844
-0.03620846
-0.014505416
0.025321981
-0.01666571
-0.058642123
-0.007465248
0.04841049
-0.059768077
0.0040986044
-0.0248362
0.010739844
-0.033672024
0.017422108
-0.016146727
-0.15284356
-0.04348782
0.03661636
0.035717964
0.016756508
-0.019009648
-0.062477987
-0.03870958
-0.017050246
-0.009216143
-0.03828163
-0.0016730865
0.06050616
0.09367562
0.059604496
0.028372215
-0.13191798
0.0658001
0.08489475
0.03364825
-0.016382635
-0.009333134
-0.013571069
-0.0379273
-0.0051662475
0.025691276
0.11636353
0.18629538
0.17462268
-0.0014139357
-0.1864896
-0.04326621
-0.079149224
0.013155092
0.04001051
-0.054366846
0.059789296
-0.07773905
0.103739634
-0.06432359
-0.026449684
-0.025429446
0.0074899867
0.12670703
0.0018359212
-0.0037634724
0.013043999
0.079819396
-0.011766988
-0.018049218
0.020203225
0.008516442
0.09749221
0.027162047
0.008316379
0.026417697
-0.02615053
-0.004451558
0.09648601
0.01699228
0.061253197
-0.0012405863
-0.013837408
0.041893985
-0.090339795
0.0023417412
0.0012174038
-0.0312272
-0.007875871
-0.011262735
0.1046608
0.019939462
-0.051540986
-0.0018924401
-0.09233995
-0.03248923
-0.012743322
-0.018089328
-0.07455309
-0.015137233
-0.047960065
0.05965974
0.03088194
0.017604372
-0.061396576
-0.019848691
0.043647744
-0.02001793
0.0049422393
-0.053707942
-0.084948026
-0.010470004
0.14136876
-0.003159209
-0.059991516
0.041909173
-0.045709804
0.008481743
0.0028890062
-0.08013393
-0.048634503
-0.050344758
-0.008853966
0.05435667
-0.06371454
-0.015882837
0.015189978
-0.0156755
0.024749013
0.13623154
0.02271531
0.07577939
0.045986984
0.0783401
-0.02289056
0.061655663
-0.054231998
0.049685497
-0.029939082
0.022786979
-0.0152333155
0.075853005
-0.078875855
0.06859234
0.058832712
0.0013202496
-0.05848122
0.04027468
-0.016412588
0.09056249
-0.04774107
-0.019069225
-0.048543636
-0.09495967
0.05686729
0.16347288
0.06851315
-0.00015916995
0.0014330804
0.048549175
0.043114483
-0.010622144
0.029003097
-0.026845852
0.107232146
0.104924075
0.0666363
-0.01951701
-0.05260577
0.18015665
0.107786134
-0.003517998
-0.0009233739
0.13102165
-0.026650233
-0.046045594
-0.08242445
0.0140716825
-0.09893054
0.13370065
0.005608421
-0.013047875
0.033861827
-0.010580209
-0.14166018
-0.015230396
-0.082571305
0.049788535
-0.02449148
-0.1232103
-0.009505455
0.0055343527
-0.011118499
0.04057728
0.043998584
0.012777844
-0.053154036
0.015267077
0.20846659
0.10541477
-0.054939404
-0.014291009
0.10448664
0.08095591
0.04788036
-0.11179004
0.102183364
-0.02683865
-0.048128292
0.030984242
-0.11283337
0.046630677
-0.013140138
0.106012374
-0.04107998
0.02701416
-0.012888407
0.0017581875
-0.010191145
0.03148619
-0.00093342457
-0.029792724
0.15281926
0.012102513
0.15243816
0.021448664
0.0065931766
-0.047154933
-0.021479176
-0.016548313
-0.046000395
0.080102414
-0.10038681
-0.17708927
0.10152575
0.024901027
0.060420323
-0.0138645135
-0.035079744
-0.0068001794
-0.0042028707
0.06551768
-0.08303034
0.012926221
0.0002848422
0.116990305
0.05942523
-0.08487951
-0.00886935
-0.048007403
0.008360511
-0.013011981
0.00017779344
0.04878321
-0.09648707
-0.0026081947
-0.120647125
0.07207229
0.03491536
-0.10179841
-0.107877575
-0.07080084
0.066532016
-0.007959832
-0.00997976
0.0070350827
-0.026291605
0.0046651596
-0.16331664
0.1481646
0.17303692
0.07232848
-0.043236177
0.058875367
-0.010819781
0.12377911
0.055801075
-0.05689474
0.034957077
-0.008253343
0.018088585
-0.010622445
-0.091852754
0.018482342
-0.06882155
0.047787584
0.15011643
0.02517302
0.0035561752
-0.014211991
-0.09278872
0.022037553
0.011883107
-0.15082708
0.057003874
0.045072585
-0.043615844
0.0053359843
0.08226646
-0.023649562
0.06825896
0.036709312
0.014811567
-0.0062378957
0.04926667
0.002651592
-0.04937701
0.13694037
0.014776464
0.011572228
0.07569833
-0.06641373
0.0071044224
0.0142480405
0.1048081
-0.04212994
-0.023955008
-0.05593275
-0.04020548
0.05819337
-0.08860586
-0.171003
0.009340257
-0.0829832
-0.09908867
0.007122124
0.081523426
0.03361119
-0.01518642
-0.06442066
0.060113102
-0.008565988
0.050711703
-0.02134262
0.05164013
0.009252672
-0.06200865
-0.01805783
0.03643485
0.0056192195
-0.09761896
0.078664176
0.070033886
-0.030181328
0.013276211
-0.0022025995
0.10136128
0.018740272
-0.03500792
0.07985978
-0.04724109
-0.014315881
0.050866615
0.04088265
-0.16465488
0.013967979
0.0019176966
-0.004591269
0.020398391
0.15599315
-0.018351542
-0.1721573
-0.06307912
0.07432417
-0.08354275
-0.07509733
0.08952702
-0.0053509776
-0.013959606
0.024106985
-0.027470266
0.01875735
0.020987904
0.023530044
0.08740488
-0.009493658
0.056620255
-0.060695544
0.067135565
0.063890755
-0.10142239
-0.11255251
-0.06560745
0.014913042
0.07813466
0.08099854
0.076846555
-0.13455616
-0.12785953
-0.111404374
-0.03478648
0.06296327
0.07213666
0.0119730625
-0.009467011
-0.13110447
-0.023944192
-0.031293552
0.036278047
0.074716635
0.065470934
0.013080534
0.02075481
0.027270628
0.08105039
0.09050149
0.005506219
-0.004146121
0.038980138
0.013043359
-0.07514249
-0.05990061
0.02380244
0.040668357
-0.13810804
0.123173386
-0.042078182
-0.015127176
-0.003791975
0.007654838
0.06815273
-0.012573547
0.14554639
0.008140405
-0.006475733
0.06796401
-0.057220124
0.17571673
0.006600189
-0.062680796
-0.05337173
0.06050364
-0.08785251
0.046113234
0.078172676
-0.16884108
-0.11549196
0.0262394
0.012889891
-0.04658898
0.058096163
-0.13116524
0.08019658
0.061822746
0.053443644
0.1242549
0.0834082
0.0053986516
-0.0013174309
-0.0053354762
-0.042692736
0.050021622
-0.064059846
0.046411686
0.019008148
0.08742188
0.018906042
-0.007472293
-0.002342223
0.061015654
-0.113497235
-0.11531995
-0.1370919
0.15140593
0.0043922607
-0.10924208
-0.1003633
0.10743668
-0.03476256
0.10717489
-0.009449436
0.03184118
-0.03386897
-0.004897223
-0.0030333947
-0.0035569116
0.037400816
-0.0105464
-0.07803183
0.037193667
0.042328354
0.08641839
0.022974549
0.0696296
-0.1233572
0.050922733
0.0120083075
0.060284797
-0.08077108
0.12888353
0.058472693
-0.124858774
-0.21819273
-0.014160963
0.033376057
0.014644092
0.057643004
0.1149515
0.09484242
0.008972029
0.009194574
-0.01427418
-0.012100817
0.06688354
-0.021452945
-0.08605651
-0.017274434
-0.00062905793
-0.04256227
0.1075239
0.042570964
0.023192378
-0.23198791
0.041816045
0.010709865
-0.06251744
-0.00772147
0.0023685042
0.020767603
0.013417224
-0.10889244
0.00094237545
0.0051247412
-0.01285397
-0.029049825
0.025318949
-0.07163813
-0.04022045
0.0077647404
-0.00032515972
-0.018225795
0.0030403973
-0.013479686
0.09236234
-0.06061247
0.08469331
0.067561835
0.036927406
-0.15230164
-0.028713308
0.0076483474
-0.0152805485
0.00533424
0.072329536
0.0057198326
-0.0031224887
-0.14115523
-0.15284988
-0.10720689
-5.9951595e-05
0.08072305
0.040002447
0.12203729
0.06923675
0.006952949
0.04333811
0.050321285
-0.045166127
-0.12903662
-0.046377096
-0.007933127
0.088131644
-0.026141865
0.0871523
-0.022473415
0.003203327
0.002700092
0.022814315
-0.024575004
-0.015077569
0.0033453177
-0.043518424
-0.105860434
0.035742886
-0.005905085
-0.0031170642
-0.08166916
0.0013672614
-0.08073214
0.014350849
0.0073899394
-0.024277478
0.016455645
0.13594161
0.0640849
-0.020315075
0.012897993
0.14101845
-0.007750953
-0.1801295
-0.10212351
0.01258671
0.009501156
0.02375093
-0.057354543
0.029528353
0.0166585
-0.018901488
0.03211642
0.005353746
0.0853538
0.040175725
0.06890427
0.053001344
-0.144885
-0.011959807
-0.0043420154
-0.023578323
0.037077796
-0.14244828
0.059750713
-0.03506441
-0.02708169
0.08134574
0.07042151
-0.0153869875
0.10542044
0.0388239
-0.028443884
-0.02406388
-0.10825494
-0.08271435
-0.015963905
-0.008988716
0.046972744
-0.010473933
0.015857657
0.033561245
-0.0010089047
0.046335835
-0.01145
0.05403941
-0.013138185
-0.012791012
0.0949828
0.119616315
0.06841627
0.033464596
0.0712532
0.0026426353
0.006621534
-0.00998901
-0.10996933
0.09530436
-0.15309922
-0.01944939
0.053645246
-0.08170573
-0.012008302
-0.09098303
-0.09511207
-0.021038873
0.05541343
-0.0040130257
0.097190656
0.064938396
0.059517328
0.01686745
0.013310517
0.0820669
-0.17596938
-0.0027101664
-0.09558818
0.001506541
-0.103434294
-0.006045171
0.11261731
-0.008620675
-0.00072861864
-0.00708256
0.039886005
0.007961687
0.026765833
0.006831491
0.10300333
0.02677497
-0.011596091
0.0048247264
0.164467
-0.08451454
0.019181918
0.02521505
0.07477845
0.031596057
0.08950491
-0.03871031
0.19360334
0.01262273
-0.043512955
0.0426838
0.0058388263
0.025025913
0.004316925
0.07471698
-0.027110599
-0.028357161
0.1135279
0.028598221
-0.083424695
0.07873154
-0.036580317
0.010750011
-0.12259363
-0.04778978
-0.020445071
-0.18946934
-0.042897265
0.05958666
0.18570134
-0.008732973
0.021983298
0.075403936
-0.0041297707
-0.10237902
0.055974573
0.046905223
0.008653678
-0.042278714
0.01109954
-0.07216768
-0.0062701595
0.14734231
-0.21094595
0.0134839155
0.03573438
0.015123821
-0.013036557
-0.072361
-0.06921132
-0.007268868
-0.013853597
0.08425424
0.03016076
0.062569045
-0.055628948
-0.017649848
-0.11356505
-0.0048664412
0.011639877
0.0044767843
0.012541775
-0.014012886
-0.13400285
-0.013028587
0.0039036456
-0.0054667145
0.04774008
0.17024998
0.0023955347
-0.037649818
-0.00853222
-0.052260946
-0.009493298
-0.013872618
-0.05171637
-0.01282958
0.052149292
-0.03526035
0.06146692
0.07563464
0.06736783
-0.08304548
0.057767052
0.0152415885
0.015381137
-0.06358066
-0.011402987
-0.051456355
0.12411726
-0.1381461
0.01686977
0.0529748
-0.032890726
0.12911944
0.006465925
0.08168471
0.025010487
0.02116626
0.020529011
-0.0025407716
-0.022008428
0.0048700455
-0.07400585
0.008836937
0.02041759
-0.03805418
-0.08459851
0.014513867
-0.039332498
0.010412366
0.09259542
0.004357893
0.0058285086
-0.05448251
0.026221374
0.07857097
0.025700193
0.0005809989
0.00060008443
-0.018862795
0.09674891
0.13782567
0.039507054
0.026590414
-0.0033437072
0.0013841074
0.07987823
0.1304069
-0.049794108
0.006152713
0.15731311
0.060052633
-0.01153613
-0.009575717
0.03788173
0.053580973
0.11360356
-0.13440488
0.009076787
0.098587565
0.02146004
0.0032467737
-0.16319981
0.09731711
0.044114254
0.017541708
-0.0016054658
0.004726924
-0.0057740794
0.06392025
-0.099975154
-0.042622983
-0.06708004
-0.028488321
-0.04221591
0.0072929673
-0.075323105
0.03844187
0.0114179365
-0.008296534
-0.07071139
-0.0947066
0.036507063
0.054458864
0.005947845
0.090492025
-0.13347669
0.017630655
-0.09113781
-0.076128796
0.06569527
0.026061114
0.15243836
-0.069305964
0.046523225
0.045924872
0.016540177
0.01965157
-0.021851173
-0.06954798
-0.08239848
-0.014887008
-0.021759056
0.03099889
-0.0049315803
0.07413438
0.004370198
0.027140066
-0.0010022939
-0.15443347
-0.0895676
0.021860836
0.1054316
-0.10577729
0.023012083
-0.020950176
-0.044242382
-0.19939162
-0.007165329
0.10194708
-0.10591776
0.1089732
0.1106565
-0.01658925
-0.13608615
-0.14152482
0.09527752
0.105713874
0.00903901
0.054697786
0.01661833
0.11786548
-0.066407636
0.044621643
-0.004135773
-0.04793114
-0.016389806
0.025619213
-0.078712195
0.028322354
-0.06792954
0.004512817
-0.03726835
-0.028761752
-0.026790962
0.08271316
-0.009400861
-0.008488894
-0.035495374
-0.079699785
0.0090020215
0.016594928
-0.023026802
0.044334434
0.065303266
0.12625241
0.07965008
0.027869064
-0.011313379
-0.017003175
0.06922372
-0.002201755
-0.08649447
-0.12479846
-0.06396982
0.08597237
-0.04909757
0.06719184
0.074968375
0.10973844
-0.053092342
0.0028298385
-0.26889995
0.1835584
-0.06853818
0.051179092
0.037762947
0.065026425
0.008911211
0.13219938
-0.105637334
0.10583631
0.07022485
-0.104195274
0.18300085
0.026484972
-0.20137031
-0.008868698
0.011485191
-0.012347621
0.09976374
-0.043741483
-0.009109531
-0.09852262
0.022392135
0.09963474
-0.011876529
0.07659567
-0.03252455
0.10171765
-0.14570315
-0.09970259
0.088637024
-0.055298764
0.022383718
0.112367444
-0.0020756307
0.06848941
-0.0038023754
-0.040413532
-0.0013548594
-0.10527028
-0.052233905
-0.072194085
0.031078003
0.020866573
-0.099012874
-0.017926812
-0.22286075
-0.048539564
-0.08457245
-0.04350989
-0.038142253
0.13712093
0.033588894
-0.026522806
0.0041446206
0.06800129
0.07808006
0.0043634856
0.038687866
0.013845589
0.009171557
-0.02918379
-0.09099686
0.07200611
-0.12745114
-0.10043434
-0.10743886
0.014950639
0.117448
0.016277805
0.036890753
0.116600744
-0.16545169
0.025546907
-0.05653893
-0.0627447
0.0027691352
0.105541006
-0.07295697
-0.018115703
0.067074835
0.07972665
-0.009513466
0.026894134
-0.004700554
-0.0007287923
0.031924617
-0.0014468599
0.13240048
-0.127259
-0.03202987
0.023394626
0.006838828
0.009274416
-0.048651703
-0.015275121
-0.013358409
0.13830689
0.057192605
-0.010353761
-0.18262912
0.08582982
-0.027052216
0.008088187
0.16172804
0.067629844
-0.052182525
0.035039198
0.022620415
0.003934688
-0.009151219
0.055601265
0.0008751957
0.016284019
-0.029886413
-0.14605938
0.10357863
0.013315504
-0.13461089
0.10982001
0.046116542
0.10887878
-0.122927524
0.042392675
-0.07278941
-0.040911805
-0.10131164
0.049473446
-0.090971805
-0.06527426
-0.20647556
-0.023857342
0.017479412
0.017393006
-0.0067472877
-0.025082363
-0.007306678
0.0070364554
0.0042862836
0.0016158137
0.12068851
-0.0076831835
-0.012939848
-0.028158944
-0.091802485
0.010248804
-0.01513754
0.016739815
-0.058938295
-0.0085646985
-0.010513174
-0.12969755
-0.07643474
0.018899107
-0.02214095
-0.09727809
0.026977003
-0.049776316
-0.05016213
0.0006603119
-0.021569865
0.079409055
-0.0035083955
-0.046419352
-0.0027105338
-0.047204062
0.055215057
-0.02365527
-0.10016825
0.12819138
-0.01924992
-0.102016054
0.12526771
0.13893306
0.04743195
0.0054800953
-0.08131869
0.01113799
0.05503784
-0.0012311351
-0.043405645
-0.10343427
-0.12776907
-0.026558097
-0.018635655
-0.08372631
0.035397615
-0.06633691
0.041723575
-0.0738934
-0.060603894
-0.16152593
-0.030351304
0.00436775
-0.004592587
-0.033715747
-0.01117161
-0.1597241
-0.0155720245
0.058415312
-0.037359297
-0.24660517
0.108750716
0.068939455
0.08289535
-0.047292028
-0.029107017
-0.118549
-0.0047378684
-0.09254227
0.03412817
0.11772019
0.054635
0.012609625
0.043474697
0.049670756
0.011081599
-0.14052504
0.026616432
0.020111807
0.017995864
-0.12812991
-0.12678124
-0.051715344
-0.116495945
0.009475246
-0.014409899
-0.15189856
0.10098659
0.005629301
0.026415586
0.023774385
-0.06586313
-0.11090918
-0.06576677
0.024125298
0.16786659
-0.030275969
0.09578355
0.028527832
-0.016726848
0.01493374
-0.048987914
0.11966256
0.015227088
0.017738609
0.009807444
-0.10833349
0.011852926
-0.015563682
0.023323357
-0.019730622
-0.026299259
-0.018209819
0.034668967
-0.018955246
0.016333217
0.09429123
-0.004198151
-0.0043167486
0.013909469
-0.101342455
-0.009945074
-0.006066155
0.025697649
-0.015803307
-0.03497344
0.08113552
-0.052941848
-0.016047366
-0.09323861
0.009434819
0.039452083
0.107355416
-0.11588971
0.13461547
0.033125773
-0.01603676
0.0096332915
0.0009789992
-0.0032192513
-0.030148776
-0.044931676
-0.0022060988
0.011063333
-0.03720239
-0.018421516
0.0045481366
-0.0152503485
0.0014194464
0.1823062
-0.013685237
-0.12538178
0.018498756
0.00068339956
-0.13540813
-0.009289773
-0.009119234
0.0025554514
0.11286154
-0.10864723
0.06054417
-0.07637318
0.00069152925
0.04306399
0.013582094
0.04057738
-0.019965414
0.00840801
-0.049252663
0.0015422204
0.0021837985
-0.10697185
0.10726905
-0.06445194
-0.058437254
-0.016484376
0.057520986
0.021671353
0.04392315
0.08074008
-0.11068205
0.112042904
0.01780031
0.049738158
-0.05262413
-0.030528568
0.103973866
-0.014138146
-0.03476821
-0.06893569
0.01456115
-0.023344915
-0.012035275
0.017034624
-0.06446591
